30 66
4 10 10 6 6 9 10 2 4 7 7 8 7 8 4 4 3 2 8 2 3 10 6 6 2 6 6 9 4 6
0 4 1 4 0 0 0 0 0 0 0 0 0 0 0 0 0 1 0 0 0 0 0 0 0 0 0 0 0 0 
4 0 0 0 0 0 0 0 0 0 0 0 0 2 4 2 2 0 0 0 0 0 4 3 4 1 0 0 0 0 
1 0 0 4 0 0 0 0 0 0 0 0 0 0 0 0 0 0 0 0 0 0 0 0 0 0 0 3 0 0 
4 0 4 0 2 0 0 0 0 0 0 0 0 0 0 0 0 3 4 0 0 0 0 0 0 0 0 0 0 0 
0 0 0 2 0 1 0 0 0 0 0 0 0 0 0 0 0 0 0 0 0 0 0 0 0 0 0 4 0 0 
0 0 0 0 1 0 2 0 0 0 0 3 3 0 0 0 0 0 2 3 0 2 0 0 0 0 0 0 0 0 
0 0 0 0 0 2 0 3 0 0 0 0 0 0 0 0 0 0 0 0 4 4 0 0 0 0 0 2 0 0 
0 0 0 0 0 0 3 0 4 0 0 0 0 0 0 0 0 0 0 0 0 0 0 0 0 0 0 4 0 0 
0 0 0 0 0 0 0 4 0 4 0 3 0 0 0 0 0 0 0 0 1 0 0 0 0 0 0 3 0 3 
0 0 0 0 0 0 0 0 4 0 1 4 0 0 0 0 0 0 0 0 0 0 0 0 0 0 0 0 0 0 
0 0 0 0 0 0 0 0 0 1 0 0 0 0 0 0 0 0 0 0 0 0 3 1 1 0 0 2 0 2 
0 0 0 0 0 3 0 0 3 4 0 0 3 0 0 0 0 0 0 1 3 0 0 0 0 0 0 0 0 0 
0 0 0 0 0 3 0 0 0 0 0 3 0 1 0 0 0 0 1 3 0 0 0 0 0 0 0 0 0 0 
0 2 0 0 0 0 0 0 0 0 0 0 1 0 3 0 3 0 3 0 0 0 0 0 0 0 1 0 0 0 
0 4 0 0 0 0 0 0 0 0 0 0 0 3 0 1 2 0 0 0 0 0 0 0 0 0 0 0 0 0 
0 2 0 0 0 0 0 0 0 0 0 0 0 0 1 0 3 0 0 0 0 0 0 0 0 0 0 0 0 0 
0 2 0 0 0 0 0 0 0 0 0 0 0 3 2 3 0 4 0 0 0 0 0 0 0 0 1 0 0 0 
1 0 0 3 0 0 0 0 0 0 0 0 0 0 0 0 4 0 3 0 0 0 0 0 0 4 0 0 0 0 
0 0 0 4 0 2 0 0 0 0 0 0 1 3 0 0 0 3 0 0 0 0 0 0 0 0 0 0 0 0 
0 0 0 0 0 3 0 0 0 0 0 1 3 0 0 0 0 0 0 0 0 0 0 0 0 0 0 0 0 0 
0 0 0 0 0 0 4 0 1 0 0 3 0 0 0 0 0 0 0 0 0 2 0 0 0 0 0 0 0 0 
0 0 0 0 0 2 4 0 0 0 0 0 0 0 0 0 0 0 0 0 2 0 0 0 0 0 0 0 0 0 
0 4 0 0 0 0 0 0 0 0 3 0 0 0 0 0 0 0 0 0 0 0 0 4 0 0 0 0 0 0 
0 3 0 0 0 0 0 0 0 0 1 0 0 0 0 0 0 0 0 0 0 0 4 0 1 0 0 0 0 0 
0 4 0 0 0 0 0 0 0 0 1 0 0 0 0 0 0 0 0 0 0 0 0 1 0 0 0 0 0 0 
0 1 0 0 0 0 0 0 0 0 0 0 0 0 0 0 0 4 0 0 0 0 0 0 0 0 0 0 0 0 
0 0 0 0 0 0 0 0 0 0 0 0 0 1 0 0 1 0 0 0 0 0 0 0 0 0 0 0 0 0 
0 0 3 0 4 0 2 4 3 0 2 0 0 0 0 0 0 0 0 0 0 0 0 0 0 0 0 0 1 4 
0 0 0 0 0 0 0 0 0 0 0 0 0 0 0 0 0 0 0 0 0 0 0 0 0 0 0 1 0 1 
0 0 0 0 0 0 0 0 3 0 2 0 0 0 0 0 0 0 0 0 0 0 0 0 0 0 0 4 1 0 
