30 67
3 10 8 5 6 6 5 3 9 9 5 10 9 2 6 5 5 2 2 2 9 3 7 4 4 8 2 10 3 9
0 4 2 0 3 0 4 4 2 1 1 0 0 0 0 0 0 0 0 0 0 0 0 0 0 0 0 2 3 0 
4 0 0 0 2 0 0 0 0 0 0 0 0 0 0 0 0 0 0 0 0 0 0 0 0 0 0 4 3 0 
2 0 0 1 0 0 0 0 0 0 0 4 0 0 0 0 0 0 0 2 0 0 0 0 0 0 0 0 1 0 
0 0 1 0 4 0 0 0 1 2 0 3 3 0 0 0 0 0 0 0 0 0 0 0 0 0 0 0 0 3 
3 2 0 4 0 4 0 0 0 0 0 0 3 0 0 0 0 0 0 0 0 0 0 0 0 0 0 0 0 0 
0 0 0 0 4 0 1 0 0 0 0 0 2 2 3 0 1 0 0 0 1 0 0 0 0 0 0 0 0 0 
4 0 0 0 0 1 0 4 0 0 0 0 0 0 0 0 2 3 0 0 0 0 0 0 0 0 0 0 0 0 
4 0 0 0 0 0 4 0 4 0 0 0 1 0 0 0 0 4 3 0 0 0 0 0 0 0 0 0 0 0 
2 0 0 1 0 0 0 4 0 0 0 0 3 0 0 0 0 0 0 0 0 1 0 0 0 0 0 0 0 0 
1 0 0 2 0 0 0 0 0 0 4 1 0 0 0 0 0 0 0 0 0 4 3 1 3 0 0 0 0 0 
1 0 0 0 0 0 0 0 0 4 0 1 0 0 0 0 0 0 0 0 0 0 0 0 0 0 0 0 0 0 
0 0 4 3 0 0 0 0 0 1 1 0 0 0 0 0 0 0 0 2 0 0 2 3 2 0 0 0 0 0 
0 0 0 3 3 2 0 1 3 0 0 0 0 1 0 0 0 0 2 0 0 0 0 0 0 0 0 0 0 0 
0 0 0 0 0 2 0 0 0 0 0 0 1 0 1 0 0 0 4 0 0 0 0 0 0 0 0 0 0 0 
0 0 0 0 0 3 0 0 0 0 0 0 0 1 0 3 0 0 3 0 0 0 0 0 0 3 2 0 0 0 
0 0 0 0 0 0 0 0 0 0 0 0 0 0 3 0 4 4 0 0 0 0 0 0 0 0 0 0 0 0 
0 0 0 0 0 1 2 0 0 0 0 0 0 0 0 4 0 3 0 0 1 0 0 0 0 0 0 0 0 0 
0 0 0 0 0 0 3 4 0 0 0 0 0 0 0 4 3 0 0 0 0 0 0 0 0 3 4 0 0 0 
0 0 0 0 0 0 0 3 0 0 0 0 2 4 3 0 0 0 0 0 0 0 0 0 0 0 0 0 0 0 
0 0 2 0 0 0 0 0 0 0 0 2 0 0 0 0 0 0 0 0 0 0 0 0 0 0 0 0 0 0 
0 0 0 0 0 1 0 0 0 0 0 0 0 0 0 0 1 0 0 0 0 0 0 0 0 0 0 0 0 0 
0 0 0 0 0 0 0 0 1 4 0 0 0 0 0 0 0 0 0 0 0 0 0 0 0 0 0 0 0 0 
0 0 0 0 0 0 0 0 0 3 0 2 0 0 0 0 0 0 0 0 0 0 0 0 0 0 0 0 0 0 
0 0 0 0 0 0 0 0 0 1 0 3 0 0 0 0 0 0 0 0 0 0 0 0 1 0 0 0 0 0 
0 0 0 0 0 0 0 0 0 3 0 2 0 0 0 0 0 0 0 0 0 0 0 1 0 0 0 0 0 0 
0 0 0 0 0 0 0 0 0 0 0 0 0 0 3 0 0 3 0 0 0 0 0 0 0 0 0 0 0 0 
0 0 0 0 0 0 0 0 0 0 0 0 0 0 2 0 0 4 0 0 0 0 0 0 0 0 0 0 0 0 
2 4 0 0 0 0 0 0 0 0 0 0 0 0 0 0 0 0 0 0 0 0 0 0 0 0 0 0 3 0 
3 3 1 0 0 0 0 0 0 0 0 0 0 0 0 0 0 0 0 0 0 0 0 0 0 0 0 3 0 0 
0 0 0 3 0 0 0 0 0 0 0 0 0 0 0 0 0 0 0 0 0 0 0 0 0 0 0 0 0 0 
