30 64
8 6 10 2 4 5 7 6 5 10 5 8 6 5 6 3 9 4 4 5 5 10 10 2 8 10 9 10 9 7
0 4 1 0 0 0 0 0 0 0 4 2 0 0 0 0 0 0 0 0 0 0 0 0 0 0 0 0 0 0 
4 0 0 0 0 0 0 0 0 3 0 0 0 0 0 0 0 0 0 0 0 0 0 0 0 0 0 0 4 1 
1 0 0 1 3 0 0 0 0 0 0 1 0 0 0 0 0 0 0 0 0 0 1 3 0 0 0 0 4 0 
0 0 1 0 2 0 0 0 0 0 0 0 0 0 0 0 0 0 4 1 0 0 0 0 1 4 0 0 4 0 
0 0 3 2 0 4 0 0 0 0 0 0 4 0 0 0 0 0 1 0 0 0 0 0 0 0 0 0 4 0 
0 0 0 0 4 0 2 0 0 0 0 0 0 0 0 0 0 0 0 0 0 0 0 0 0 0 0 0 0 3 
0 0 0 0 0 2 0 2 0 0 0 0 3 0 0 0 0 0 0 0 2 0 0 0 0 0 0 0 0 4 
0 0 0 0 0 0 2 0 3 0 0 3 0 0 0 3 0 0 0 0 0 0 0 0 0 0 3 0 0 2 
0 0 0 0 0 0 0 3 0 2 0 0 0 0 0 1 3 0 0 0 0 0 0 0 0 0 0 0 0 0 
0 3 0 0 0 0 0 0 2 0 2 0 0 0 0 0 4 0 0 0 0 0 0 0 0 0 0 0 0 2 
4 0 0 0 0 0 0 0 0 2 0 1 0 0 0 0 1 0 0 0 0 0 0 0 0 0 0 0 0 0 
2 0 1 0 0 0 0 3 0 0 1 0 2 1 0 0 4 1 0 0 0 0 0 0 0 0 0 0 0 0 
0 0 0 0 4 0 3 0 0 0 0 2 0 0 0 0 0 0 0 0 0 0 0 0 0 0 0 0 0 0 
0 0 0 0 0 0 0 0 0 0 0 1 0 0 1 0 0 0 0 0 0 0 0 0 0 0 3 0 0 0 
0 0 0 0 0 0 0 0 0 0 0 0 0 1 0 2 3 3 0 0 0 0 0 0 0 0 0 2 0 0 
0 0 0 0 0 0 0 3 1 0 0 0 0 0 2 0 4 0 0 0 0 0 0 0 0 0 0 1 0 0 
0 0 0 0 0 0 0 0 3 4 1 4 0 0 3 4 0 1 0 0 0 0 0 0 0 0 0 0 0 0 
0 0 0 0 0 0 0 0 0 0 0 1 0 0 3 0 1 0 0 0 0 0 0 0 0 0 0 0 0 0 
0 0 0 4 1 0 0 0 0 0 0 0 0 0 0 0 0 0 0 4 0 0 0 0 4 0 0 0 0 0 
0 0 0 1 0 0 0 0 0 0 0 0 0 0 0 0 0 0 4 0 0 0 4 1 0 3 0 0 0 0 
0 0 0 0 0 0 2 0 0 0 0 0 0 0 0 0 0 0 0 0 0 2 0 0 0 0 0 0 0 3 
0 0 0 0 0 0 0 0 0 0 0 0 0 0 0 0 0 0 0 0 2 0 0 0 0 0 0 0 0 4 
0 0 1 0 0 0 0 0 0 0 0 0 0 0 0 0 0 0 0 4 0 0 0 0 0 0 0 0 0 0 
0 0 3 0 0 0 0 0 0 0 0 0 0 0 0 0 0 0 0 1 0 0 0 0 0 0 0 0 0 0 
0 0 0 1 0 0 0 0 0 0 0 0 0 0 0 0 0 0 4 0 0 0 0 0 0 0 0 0 0 0 
0 0 0 4 0 0 0 0 0 0 0 0 0 0 0 0 0 0 0 3 0 0 0 0 0 0 0 0 0 0 
0 0 0 0 0 0 0 3 0 0 0 0 0 3 0 0 0 0 0 0 0 0 0 0 0 0 0 0 0 0 
0 0 0 0 0 0 0 0 0 0 0 0 0 0 2 1 0 0 0 0 0 0 0 0 0 0 0 0 0 0 
0 4 4 4 4 0 0 0 0 0 0 0 0 0 0 0 0 0 0 0 0 0 0 0 0 0 0 0 0 2 
0 1 0 0 0 3 4 2 0 2 0 0 0 0 0 0 0 0 0 0 3 4 0 0 0 0 0 0 2 0 
