30 62
5 7 4 5 2 10 10 10 9 4 2 6 3 7 6 8 4 7 10 6 3 10 7 5 2 6 10 7 10 4
0 2 2 0 0 0 0 0 0 0 0 0 0 0 0 0 0 0 4 0 4 0 0 0 3 0 0 0 0 0 
2 0 4 0 0 0 0 0 0 0 0 0 0 0 0 0 0 0 1 0 0 0 0 0 2 1 0 0 0 0 
2 4 0 4 0 0 0 0 0 0 1 2 0 0 0 0 0 0 0 1 1 0 0 0 3 3 3 0 0 0 
0 0 4 0 4 2 4 0 0 0 0 0 0 3 0 2 4 0 0 0 0 0 0 0 1 0 0 0 0 0 
0 0 0 4 0 4 0 0 0 0 0 0 0 0 0 0 0 0 0 0 0 0 0 0 1 0 0 0 0 0 
0 0 0 2 4 0 1 0 0 0 0 0 0 0 0 0 4 1 0 0 0 0 0 0 3 0 0 0 0 0 
0 0 0 4 0 1 0 4 0 0 0 0 0 3 3 2 0 1 0 0 0 0 0 0 0 0 0 0 0 0 
0 0 0 0 0 0 4 0 4 0 0 0 3 0 0 0 0 0 0 0 0 0 0 0 0 0 0 0 0 0 
0 0 0 0 0 0 0 4 0 2 2 2 3 0 0 0 0 0 0 0 0 3 0 0 1 0 0 0 0 0 
0 0 0 0 0 0 0 0 2 0 4 0 0 0 0 0 0 0 0 0 0 1 0 0 2 0 0 0 0 0 
0 0 1 0 0 0 0 0 2 4 0 0 0 0 0 0 0 0 0 0 0 0 0 0 3 1 0 0 0 0 
0 0 2 0 0 0 0 0 2 0 0 0 2 0 0 0 0 0 0 0 0 0 0 0 0 0 0 0 0 0 
0 0 0 0 0 0 0 3 3 0 0 2 0 0 0 0 0 0 0 0 0 0 0 0 0 0 0 0 0 0 
0 0 0 3 0 0 3 0 0 0 0 0 0 0 4 0 0 0 0 0 0 0 0 0 0 0 0 0 0 0 
0 0 0 0 0 0 3 0 0 0 0 0 0 4 0 2 0 0 0 0 0 0 0 0 0 0 0 0 0 0 
0 0 0 2 0 0 2 0 0 0 0 0 0 0 2 0 4 0 0 0 0 0 0 2 0 0 0 0 0 0 
0 0 0 4 0 4 0 0 0 0 0 0 0 0 0 4 0 4 0 0 0 0 0 0 0 0 0 0 0 0 
0 0 0 0 0 1 1 0 0 0 0 0 0 0 0 0 4 0 0 0 0 0 2 1 0 0 0 0 0 0 
4 1 0 0 0 0 0 0 0 0 0 0 0 0 0 0 0 0 0 0 0 0 0 0 0 0 0 3 4 0 
0 0 1 0 0 0 0 0 0 0 0 0 0 0 0 0 0 0 0 0 4 0 0 0 0 0 0 0 0 0 
4 0 1 0 0 0 0 0 0 0 0 0 0 0 0 0 0 0 0 4 0 0 0 0 0 0 0 0 0 0 
0 0 0 0 0 0 0 0 3 1 0 0 0 0 0 0 0 0 0 0 0 0 0 0 0 0 0 0 0 0 
0 0 0 0 0 0 0 0 0 0 0 0 0 0 0 0 0 2 0 0 0 0 0 4 0 0 0 0 0 0 
0 0 0 0 0 0 0 0 0 0 0 0 0 0 0 2 0 1 0 0 0 0 4 0 0 0 0 0 0 0 
3 2 3 1 1 3 0 0 1 2 3 0 0 0 0 0 0 0 0 0 0 0 0 0 0 1 0 0 0 0 
0 1 3 0 0 0 0 0 0 0 1 0 0 0 0 0 0 0 0 0 0 0 0 0 1 0 0 0 0 0 
0 0 3 0 0 0 0 0 0 0 0 0 0 0 0 0 0 0 0 0 0 0 0 0 0 0 0 0 0 0 
0 0 0 0 0 0 0 0 0 0 0 0 0 0 0 0 0 0 3 0 0 0 0 0 0 0 0 0 0 0 
0 0 0 0 0 0 0 0 0 0 0 0 0 0 0 0 0 0 4 0 0 0 0 0 0 0 0 0 0 3 
0 0 0 0 0 0 0 0 0 0 0 0 0 0 0 0 0 0 0 0 0 0 0 0 0 0 0 0 3 0 
