30 62
4 6 3 5 4 2 10 2 5 3 7 4 6 4 8 5 5 10 5 7 9 3 8 2 2 5 3 4 9 10
0 3 3 0 0 0 0 0 0 0 0 0 1 1 0 2 0 0 0 0 0 0 4 0 0 3 0 0 0 0 
3 0 0 0 0 0 0 0 0 0 0 0 4 0 0 0 0 0 0 0 0 0 0 0 0 2 3 0 0 0 
3 0 0 4 0 2 0 0 0 0 0 0 0 0 0 3 0 0 0 0 0 0 0 0 0 0 0 0 0 0 
0 0 4 0 1 1 0 0 0 0 0 0 0 0 0 0 0 0 0 0 0 0 0 0 0 0 1 0 0 0 
0 0 0 1 0 2 0 0 0 0 0 0 0 0 0 0 0 0 0 0 0 0 0 0 0 0 3 0 0 0 
0 0 2 1 2 0 2 0 0 0 0 0 0 0 0 0 0 0 0 0 0 0 0 0 0 0 0 0 0 0 
0 0 0 0 0 2 0 1 0 0 0 0 0 0 0 1 1 4 0 0 0 2 0 1 0 0 0 0 0 0 
0 0 0 0 0 0 1 0 2 0 0 0 0 0 0 0 0 1 0 0 0 0 0 4 0 0 0 0 0 0 
0 0 0 0 0 0 0 2 0 4 0 0 0 0 0 0 4 3 1 0 2 0 0 0 0 0 2 0 0 0 
0 0 0 0 0 0 0 0 4 0 4 0 0 0 3 0 0 0 4 0 0 0 0 0 3 0 2 0 0 0 
0 0 0 0 0 0 0 0 0 4 0 1 0 2 0 0 0 0 0 2 0 0 0 0 0 0 1 0 0 0 
0 0 0 0 0 0 0 0 0 0 1 0 4 0 0 0 0 0 0 0 0 0 0 0 0 0 4 0 0 0 
1 4 0 0 0 0 0 0 0 0 0 4 0 1 0 0 0 0 0 0 0 0 0 0 0 0 0 1 0 0 
1 0 0 0 0 0 0 0 0 0 2 0 1 0 3 0 0 0 0 2 0 0 0 0 0 0 0 0 0 0 
0 0 0 0 0 0 0 0 0 3 0 0 0 3 0 2 4 0 0 3 0 0 0 0 1 0 0 0 0 0 
2 0 3 0 0 0 1 0 0 0 0 0 0 0 2 0 3 0 0 0 0 0 4 0 0 0 0 0 0 0 
0 0 0 0 0 0 1 0 4 0 0 0 0 0 4 3 0 3 1 0 0 0 0 0 0 0 0 0 0 0 
0 0 0 0 0 0 4 1 3 0 0 0 0 0 0 0 3 0 0 0 0 0 0 0 0 0 0 0 4 0 
0 0 0 0 0 0 0 0 1 4 0 0 0 0 0 0 1 0 0 0 0 0 0 0 0 0 0 0 0 2 
0 0 0 0 0 0 0 0 0 0 2 0 0 2 3 0 0 0 0 0 0 0 0 0 0 0 0 0 0 0 
0 0 0 0 0 0 0 0 2 0 0 0 0 0 0 0 0 0 0 0 0 0 0 0 0 0 3 0 0 0 
0 0 0 0 0 0 2 0 0 0 0 0 0 0 0 0 0 0 0 0 0 0 0 0 0 0 3 0 0 0 
4 0 0 0 0 0 0 0 0 0 0 0 0 0 0 4 0 0 0 0 0 0 0 0 0 0 0 0 0 0 
0 0 0 0 0 0 1 4 0 0 0 0 0 0 0 0 0 0 0 0 0 0 0 0 0 0 0 0 0 0 
0 0 0 0 0 0 0 0 0 3 0 0 0 0 1 0 0 0 0 0 0 0 0 0 0 0 0 0 0 0 
3 2 0 0 0 0 0 0 0 0 0 0 0 0 0 0 0 0 0 0 0 0 0 0 0 0 1 0 0 0 
0 3 0 1 3 0 0 0 2 2 1 4 0 0 0 0 0 0 0 0 3 3 0 0 0 1 0 0 0 0 
0 0 0 0 0 0 0 0 0 0 0 0 1 0 0 0 0 0 0 0 0 0 0 0 0 0 0 0 0 0 
0 0 0 0 0 0 0 0 0 0 0 0 0 0 0 0 0 4 0 0 0 0 0 0 0 0 0 0 0 0 
0 0 0 0 0 0 0 0 0 0 0 0 0 0 0 0 0 0 2 0 0 0 0 0 0 0 0 0 0 0 
