30 65
10 3 4 9 3 9 4 2 7 7 10 3 5 6 2 2 5 6 2 6 6 10 5 6 9 7 4 6 5 3
0 2 2 0 0 0 0 0 0 4 1 0 0 0 0 0 0 0 0 0 0 0 1 0 0 0 0 0 0 0 
2 0 0 0 0 0 0 0 0 1 0 0 0 0 0 0 0 0 0 0 0 0 0 0 0 0 0 0 1 3 
2 0 0 2 0 0 0 0 0 0 0 0 3 0 0 0 0 0 0 0 0 0 0 0 0 0 0 0 4 0 
0 0 2 0 3 0 0 0 0 0 0 0 3 0 0 0 0 0 0 0 0 0 0 0 0 0 0 0 2 0 
0 0 0 3 0 4 0 0 0 0 0 1 2 3 0 0 0 0 0 0 0 0 0 0 3 0 0 0 3 0 
0 0 0 0 4 0 2 0 0 0 0 0 0 1 0 0 0 0 0 0 0 0 0 0 0 0 0 0 0 0 
0 0 0 0 0 2 0 4 0 0 3 0 0 3 0 0 0 0 0 0 0 0 0 0 0 3 0 0 4 0 
0 0 0 0 0 0 4 0 4 0 0 0 0 0 0 0 0 0 0 0 0 0 0 0 0 0 0 0 2 0 
0 0 0 0 0 0 0 4 0 1 0 0 0 0 0 0 0 0 0 0 0 0 0 0 0 0 0 0 1 0 
4 1 0 0 0 0 0 0 1 0 0 0 0 0 0 0 0 0 0 0 0 0 0 0 0 0 0 0 0 4 
1 0 0 0 0 0 3 0 0 0 0 2 0 0 0 3 0 0 0 0 0 0 0 0 0 0 0 0 0 0 
0 0 0 0 1 0 0 0 0 0 2 0 4 1 0 2 0 2 3 0 0 0 0 0 0 0 0 0 0 0 
0 0 3 3 2 0 0 0 0 0 0 4 0 0 0 0 0 0 0 0 0 0 0 0 3 0 0 0 0 0 
0 0 0 0 3 1 3 0 0 0 0 1 0 0 4 0 0 0 4 2 1 0 0 0 0 0 2 0 0 0 
0 0 0 0 0 0 0 0 0 0 0 0 0 4 0 4 0 1 0 0 4 4 0 0 0 0 0 0 0 0 
0 0 0 0 0 0 0 0 0 0 3 2 0 0 4 0 3 0 0 0 0 3 0 0 0 4 0 0 0 0 
0 0 0 0 0 0 0 0 0 0 0 0 0 0 0 3 0 2 0 0 0 4 0 0 0 0 0 0 0 0 
0 0 0 0 0 0 0 0 0 0 0 2 0 0 1 0 2 0 2 1 0 1 0 0 0 0 0 0 0 0 
0 0 0 0 0 0 0 0 0 0 0 3 0 4 0 0 0 2 0 3 0 0 0 0 0 0 0 2 0 0 
0 0 0 0 0 0 0 0 0 0 0 0 0 2 0 0 0 1 3 0 2 0 0 0 0 0 0 3 0 0 
0 0 0 0 0 0 0 0 0 0 0 0 0 1 4 0 0 0 0 2 0 0 0 0 0 0 3 0 0 0 
0 0 0 0 0 0 0 0 0 0 0 0 0 0 4 3 4 1 0 0 0 0 0 0 0 0 0 0 0 0 
1 0 0 0 0 0 0 0 0 0 0 0 0 0 0 0 0 0 0 0 0 0 0 3 0 0 0 0 0 0 
0 0 0 0 0 0 0 0 0 0 0 0 0 0 0 0 0 0 0 0 0 0 3 0 0 0 0 0 4 0 
0 0 0 0 3 0 0 0 0 0 0 0 3 0 0 0 0 0 0 0 0 0 0 0 0 0 0 0 0 0 
0 0 0 0 0 0 3 0 0 0 0 0 0 0 0 4 0 0 0 0 0 0 0 0 0 0 0 0 0 0 
0 0 0 0 0 0 0 0 0 0 0 0 0 2 0 0 0 0 0 0 3 0 0 0 0 0 0 0 0 0 
0 0 0 0 0 0 0 0 0 0 0 0 0 0 0 0 0 0 2 3 0 0 0 0 0 0 0 0 0 0 
0 1 4 2 3 0 4 2 1 0 0 0 0 0 0 0 0 0 0 0 0 0 0 4 0 0 0 0 0 3 
0 3 0 0 0 0 0 0 0 4 0 0 0 0 0 0 0 0 0 0 0 0 0 0 0 0 0 0 3 0 
