20 43
9 3 8 7 7 2 9 6 3 3 7 2 6 10 7 6 3 9 8 7
0 3 4 0 0 0 0 0 0 0 0 4 3 2 0 0 0 0 2 1 
3 0 0 0 0 0 2 4 3 1 0 1 4 0 0 0 0 0 2 1 
4 0 0 3 0 0 0 0 0 0 0 2 0 4 0 0 0 0 0 0 
0 0 3 0 1 4 1 0 0 0 0 0 0 0 0 0 0 0 0 0 
0 0 0 1 0 3 0 0 0 0 0 0 0 0 0 0 0 0 0 2 
0 0 0 4 3 0 3 0 0 0 0 0 0 0 0 0 0 0 0 0 
0 2 0 1 0 3 0 1 0 0 0 1 0 0 1 0 0 0 0 2 
0 4 0 0 0 0 1 0 3 0 0 0 0 0 2 1 0 0 0 0 
0 3 0 0 0 0 0 3 0 4 0 0 0 0 0 0 0 0 0 0 
0 1 0 0 0 0 0 0 4 0 3 0 0 0 0 2 0 0 0 0 
0 0 0 0 0 0 0 0 0 3 0 4 0 0 0 0 0 2 0 0 
4 1 2 0 0 0 1 0 0 0 4 0 1 3 1 2 0 0 0 0 
3 4 0 0 0 0 0 0 0 0 0 1 0 0 0 0 0 0 0 0 
2 0 4 0 0 0 0 0 0 0 0 3 0 0 0 0 0 0 0 0 
0 0 0 0 0 0 1 2 0 0 0 1 0 0 0 0 0 0 0 0 
0 0 0 0 0 0 0 1 0 2 0 2 0 0 0 0 2 0 0 0 
0 0 0 0 0 0 0 0 0 0 0 0 0 0 0 2 0 4 0 0 
0 0 0 0 0 0 0 0 0 0 2 0 0 0 0 0 4 0 0 0 
2 2 0 0 0 0 0 0 0 0 0 0 0 0 0 0 0 0 0 4 
1 1 0 0 2 0 2 0 0 0 0 0 0 0 0 0 0 0 4 0 
