20 36
3 5 4 3 9 4 8 3 4 10 2 8 4 7 5 7 10 7 6 7
0 1 4 0 0 0 0 4 4 0 0 0 0 0 0 0 0 4 0 0 
1 0 0 0 0 0 0 0 0 0 0 0 0 0 0 0 4 2 0 0 
4 0 0 4 0 0 4 2 0 0 0 0 2 0 2 0 0 0 0 0 
0 0 4 0 4 0 4 0 0 0 0 0 0 0 0 0 3 0 0 0 
0 0 0 4 0 1 2 0 0 0 3 3 2 0 0 0 3 1 0 0 
0 0 0 0 1 0 0 0 0 3 0 0 0 0 0 0 0 2 2 2 
0 0 4 4 2 0 0 0 0 0 0 0 0 0 0 0 0 0 0 0 
4 0 2 0 0 0 0 0 0 0 0 0 0 0 0 4 0 3 0 0 
4 0 0 0 0 0 0 0 0 0 0 0 0 2 1 2 0 0 0 0 
0 0 0 0 0 3 0 0 0 0 0 0 0 0 0 0 3 0 0 0 
0 0 0 0 3 0 0 0 0 0 0 0 0 0 0 0 1 0 0 0 
0 0 0 0 3 0 0 0 0 0 0 0 0 0 0 0 0 3 0 0 
0 0 2 0 2 0 0 0 0 0 0 0 0 0 0 0 0 0 0 0 
0 0 0 0 0 0 0 0 2 0 0 0 0 0 4 0 0 0 0 0 
0 0 2 0 0 0 0 0 1 0 0 0 0 4 0 0 0 0 0 0 
0 0 0 0 0 0 0 4 2 0 0 0 0 0 0 0 0 0 0 0 
0 4 0 3 3 0 0 0 0 3 1 0 0 0 0 0 0 1 0 0 
4 2 0 0 1 2 0 3 0 0 0 3 0 0 0 0 1 0 0 0 
0 0 0 0 0 2 0 0 0 0 0 0 0 0 0 0 0 0 0 0 
0 0 0 0 0 2 0 0 0 0 0 0 0 0 0 0 0 0 0 0 
