20 37
8 3 4 7 7 8 2 9 10 6 10 7 8 6 10 7 4 2 8 10
0 2 4 0 0 0 0 0 0 0 0 0 3 0 0 0 0 0 0 0 
2 0 0 0 0 2 0 0 0 0 3 2 0 0 0 0 0 1 0 0 
4 0 0 4 0 4 0 0 0 0 0 0 0 1 0 0 0 0 3 0 
0 0 4 0 4 0 0 0 0 0 0 0 0 1 0 0 0 0 1 0 
0 0 0 4 0 1 0 0 0 0 0 0 0 0 0 0 0 0 4 0 
0 2 4 0 1 0 1 4 2 0 0 0 4 0 0 0 0 0 1 0 
0 0 0 0 0 1 0 1 0 0 0 0 0 0 2 0 0 0 4 0 
0 0 0 0 0 4 1 0 4 0 0 0 0 0 0 0 0 4 0 0 
0 0 0 0 0 2 0 4 0 1 0 1 0 0 0 0 0 0 0 0 
0 0 0 0 0 0 0 0 1 0 0 0 0 0 0 0 4 4 0 0 
0 3 0 0 0 0 0 0 0 0 0 0 0 0 0 0 2 1 0 0 
0 2 0 0 0 0 0 0 1 0 0 0 0 0 0 0 0 0 0 0 
3 0 0 0 0 4 0 0 0 0 0 0 0 0 0 0 0 0 0 0 
0 0 1 1 0 0 0 0 0 0 0 0 0 0 0 0 0 0 0 0 
0 0 0 0 0 0 2 0 0 0 0 0 0 0 0 2 0 0 0 0 
0 0 0 0 0 0 0 0 0 0 0 0 0 0 2 0 0 3 4 0 
0 0 0 0 0 0 0 0 0 4 2 0 0 0 0 0 0 0 0 0 
0 1 0 0 0 0 0 4 0 4 1 0 0 0 0 3 0 0 0 2 
0 0 3 1 4 1 4 0 0 0 0 0 0 0 0 4 0 0 0 3 
0 0 0 0 0 0 0 0 0 0 0 0 0 0 0 0 0 2 3 0 
