20 41
6 3 10 6 4 2 6 3 3 6 4 3 10 6 5 9 8 9 3 2
0 4 2 0 0 0 0 4 0 0 0 0 0 0 0 0 0 0 2 3 
4 0 0 0 0 0 1 0 0 0 0 0 0 0 0 0 0 0 4 4 
2 0 0 1 1 0 0 1 2 2 4 0 0 0 0 0 0 0 0 3 
0 0 1 0 4 0 0 0 0 0 0 0 0 0 0 0 0 0 0 2 
0 0 1 4 0 2 0 0 3 0 0 0 0 0 0 0 0 0 0 1 
0 0 0 0 2 0 2 0 0 1 0 0 0 0 0 0 0 0 0 0 
0 1 0 0 0 2 0 4 0 0 0 0 0 0 0 0 0 0 0 0 
4 0 1 0 0 0 4 0 0 0 1 0 0 0 0 0 0 0 0 0 
0 0 2 0 3 0 0 0 0 0 0 0 0 0 0 0 0 0 0 0 
0 0 2 0 0 1 0 0 0 0 0 0 0 0 0 0 0 0 0 0 
0 0 4 0 0 0 0 1 0 0 0 0 0 0 0 0 0 0 0 0 
0 0 0 0 0 0 0 0 0 0 0 0 3 1 0 0 0 0 4 0 
0 0 0 0 0 0 0 0 0 0 0 3 0 0 0 0 0 4 0 3 
0 0 0 0 0 0 0 0 0 0 0 1 0 0 2 0 0 0 2 0 
0 0 0 0 0 0 0 0 0 0 0 0 0 2 0 1 0 4 2 0 
0 0 0 0 0 0 0 0 0 0 0 0 0 0 1 0 4 3 0 4 
0 0 0 0 0 0 0 0 0 0 0 0 0 0 0 4 0 3 0 1 
0 0 0 0 0 0 0 0 0 0 0 0 4 0 4 3 3 0 0 3 
2 4 0 0 0 0 0 0 0 0 0 4 0 2 2 0 0 0 0 1 
3 4 3 2 1 0 0 0 0 0 0 0 3 0 0 4 1 3 1 0 
