20 36
3 6 10 8 7 4 10 5 7 6 6 2 5 4 4 8 8 3 9 4
0 4 4 1 0 0 1 0 0 0 0 0 0 0 0 0 0 0 0 0 
4 0 0 0 0 0 0 0 0 0 0 0 0 0 0 0 0 4 1 0 
4 0 0 2 0 0 0 0 0 0 0 0 0 0 0 0 0 1 0 0 
1 0 2 0 2 2 0 1 1 3 0 0 0 0 0 0 0 0 0 0 
0 0 0 2 0 0 0 0 0 0 0 0 0 0 0 4 0 3 0 0 
0 0 0 2 0 0 3 0 0 4 0 4 0 3 0 0 1 0 4 0 
1 0 0 0 0 3 0 3 0 0 0 4 0 0 0 0 0 0 0 0 
0 0 0 1 0 0 3 0 1 0 0 4 0 0 0 0 0 0 0 0 
0 0 0 1 0 0 0 1 0 2 0 0 1 0 0 0 0 0 0 0 
0 0 0 3 0 4 0 0 2 0 1 0 3 0 0 0 3 0 0 0 
0 0 0 0 0 0 0 0 0 1 0 2 4 0 0 0 0 0 0 4 
0 0 0 0 0 4 4 4 0 0 2 0 0 0 0 0 0 0 0 0 
0 0 0 0 0 0 0 0 1 3 4 0 0 0 0 0 0 0 0 0 
0 0 0 0 0 3 0 0 0 0 0 0 0 0 2 0 0 0 0 0 
0 0 0 0 0 0 0 0 0 0 0 0 0 2 0 1 0 0 0 0 
0 0 0 0 4 0 0 0 0 0 0 0 0 0 1 0 0 0 0 0 
0 0 0 0 0 1 0 0 0 3 0 0 0 0 0 0 0 0 0 0 
0 4 1 0 3 0 0 0 0 0 0 0 0 0 0 0 0 0 3 0 
0 1 0 0 0 4 0 0 0 0 0 0 0 0 0 0 0 3 0 0 
0 0 0 0 0 0 0 0 0 0 4 0 0 0 0 0 0 0 0 0 
