20 41
6 7 6 9 3 6 4 10 6 6 9 8 5 9 6 6 7 2 7 5
0 4 1 0 0 0 0 0 0 0 0 0 0 0 0 0 3 0 0 0 
4 0 0 0 0 1 0 0 3 2 2 2 0 0 0 0 3 3 4 0 
1 0 0 1 1 0 0 0 0 0 0 4 4 0 0 0 0 0 0 0 
0 0 1 0 4 0 0 0 0 0 0 0 0 0 0 0 2 0 0 2 
0 0 1 4 0 3 0 0 0 0 0 0 3 0 0 0 4 0 0 0 
0 1 0 0 3 0 1 0 3 0 0 3 0 0 0 0 4 0 0 0 
0 0 0 0 0 1 0 1 0 0 0 0 0 0 0 0 0 3 0 0 
0 0 0 0 0 0 1 0 0 0 0 0 0 0 0 0 4 4 0 0 
0 3 0 0 0 3 0 0 0 1 3 4 0 4 0 0 0 0 0 0 
0 2 0 0 0 0 0 0 1 0 0 0 0 0 0 3 0 0 0 0 
0 2 0 0 0 0 0 0 3 0 0 4 0 2 4 4 0 0 0 0 
0 2 4 0 0 3 0 0 4 0 4 0 1 0 0 0 0 0 0 0 
0 0 4 0 3 0 0 0 0 0 0 1 0 0 0 0 0 0 0 0 
0 0 0 0 0 0 0 0 4 0 2 0 0 0 0 0 0 0 0 0 
0 0 0 0 0 0 0 0 0 0 4 0 0 0 0 3 0 0 0 0 
0 0 0 0 0 0 0 0 0 3 4 0 0 0 3 0 0 0 0 0 
3 3 0 2 4 4 0 4 0 0 0 0 0 0 0 0 0 2 0 0 
0 3 0 0 0 0 3 4 0 0 0 0 0 0 0 0 2 0 0 0 
0 4 0 0 0 0 0 0 0 0 0 0 0 0 0 0 0 0 0 0 
0 0 0 2 0 0 0 0 0 0 0 0 0 0 0 0 0 0 0 0 
