20 41
2 10 5 4 3 10 8 8 4 2 4 3 3 6 7 9 6 10 9 10
0 3 1 1 0 3 0 3 0 3 0 0 0 0 0 2 4 2 0 0 
3 0 3 1 0 0 0 0 0 0 0 0 0 0 0 0 0 0 3 3 
1 3 0 2 4 3 3 0 0 0 0 0 0 0 0 0 1 0 4 3 
1 1 2 0 1 0 0 0 0 0 0 0 0 0 0 0 0 3 0 0 
0 0 4 1 0 2 1 0 0 0 0 0 0 0 0 0 0 0 0 0 
3 0 3 0 2 0 2 0 0 0 0 0 0 0 0 0 0 0 0 0 
0 0 3 0 1 2 0 0 0 0 0 0 0 0 0 0 0 0 0 0 
3 0 0 0 0 0 0 0 1 0 0 0 3 0 0 0 0 0 0 0 
0 0 0 0 0 0 0 1 0 4 0 4 0 0 1 0 0 0 1 0 
3 0 0 0 0 0 0 0 4 0 4 1 0 0 0 0 0 0 1 0 
0 0 0 0 0 0 0 0 0 4 0 1 3 4 1 0 0 0 0 0 
0 0 0 0 0 0 0 0 4 1 1 0 0 0 0 0 0 0 0 0 
0 0 0 0 0 0 0 3 0 0 3 0 0 0 0 0 0 0 0 0 
0 0 0 0 0 0 0 0 0 0 4 0 0 0 4 0 0 0 0 0 
0 0 0 0 0 0 0 0 1 0 1 0 0 4 0 0 0 0 0 0 
2 0 0 0 0 0 0 0 0 0 0 0 0 0 0 0 0 0 2 0 
4 0 1 0 0 0 0 0 0 0 0 0 0 0 0 0 0 0 0 0 
2 0 0 3 0 0 0 0 0 0 0 0 0 0 0 0 0 0 0 0 
0 3 4 0 0 0 0 0 1 1 0 0 0 0 0 2 0 0 0 2 
0 3 3 0 0 0 0 0 0 0 0 0 0 0 0 0 0 0 2 0 
