20 39
8 3 2 9 3 5 4 6 8 2 6 8 5 2 4 6 6 5 6 7
0 2 0 0 0 0 0 0 0 0 0 0 0 0 0 0 0 0 0 0 
2 0 4 0 1 0 0 0 0 0 0 0 0 2 0 0 0 0 3 0 
0 4 0 1 0 0 3 0 0 0 0 0 0 0 4 4 0 0 4 0 
0 0 1 0 1 1 1 4 0 0 0 0 0 0 3 3 4 0 0 0 
0 1 0 1 0 0 0 0 0 0 0 3 1 3 0 0 0 2 4 0 
0 0 0 1 0 0 2 3 0 2 0 0 0 0 0 0 0 3 3 0 
0 0 3 1 0 2 0 3 3 0 1 0 0 0 0 0 0 0 3 0 
0 0 0 4 0 3 3 0 3 0 0 0 0 0 0 0 1 0 0 0 
0 0 0 0 0 0 3 3 0 2 3 0 0 0 0 0 0 0 0 0 
0 0 0 0 0 2 0 0 2 0 2 0 0 0 0 0 0 0 0 0 
0 0 0 0 0 0 1 0 3 2 0 0 0 0 0 0 0 0 0 0 
0 0 0 0 3 0 0 0 0 0 0 0 3 0 0 0 0 0 0 0 
0 0 0 0 1 0 0 0 0 0 0 3 0 3 0 0 0 0 0 0 
0 2 0 0 3 0 0 0 0 0 0 0 3 0 0 0 0 0 0 0 
0 0 4 3 0 0 0 0 0 0 0 0 0 0 0 0 0 0 0 0 
0 0 4 3 0 0 0 0 0 0 0 0 0 0 0 0 0 0 0 1 
0 0 0 4 0 0 0 1 0 0 0 0 0 0 0 0 0 0 0 0 
0 0 0 0 2 3 0 0 0 0 0 0 0 0 0 0 0 0 0 0 
0 3 4 0 4 3 3 0 0 0 0 0 0 0 0 0 0 0 0 0 
0 0 0 0 0 0 0 0 0 0 0 0 0 0 0 1 0 0 0 0 
