20 35
8 2 4 8 5 4 4 6 7 9 7 9 2 5 10 5 9 7 5 8
0 4 1 0 0 1 1 0 0 0 0 0 0 0 0 0 4 3 0 0 
4 0 0 0 0 2 0 0 0 0 0 2 1 2 0 3 0 0 0 0 
1 0 0 3 3 3 4 0 0 0 0 0 0 0 0 0 0 0 4 0 
0 0 3 0 3 0 0 3 2 0 3 0 0 0 0 0 0 0 0 0 
0 0 3 3 0 1 0 0 0 0 0 0 0 0 0 1 0 0 0 0 
1 2 3 0 1 0 1 0 0 0 0 0 0 0 0 0 0 0 0 0 
1 0 4 0 0 1 0 0 0 0 0 0 0 0 0 0 0 0 0 0 
0 0 0 3 0 0 0 0 4 1 0 0 0 0 0 0 0 0 0 0 
0 0 0 2 0 0 0 4 0 3 0 0 0 0 0 0 0 0 0 0 
0 0 0 0 0 0 0 1 3 0 1 0 0 0 0 0 0 0 0 2 
0 0 0 3 0 0 0 0 0 1 0 0 0 0 4 0 0 0 0 0 
0 2 0 0 0 0 0 0 0 0 0 0 0 0 2 0 0 0 0 0 
0 1 0 0 0 0 0 0 0 0 0 0 0 2 0 4 0 0 0 0 
0 2 0 0 0 0 0 0 0 0 0 0 2 0 0 1 0 0 0 0 
0 0 0 0 0 0 0 0 0 0 4 2 0 0 0 1 0 0 0 0 
0 3 0 0 1 0 0 0 0 0 0 0 4 1 1 0 0 0 0 0 
4 0 0 0 0 0 0 0 0 0 0 0 0 0 0 0 0 1 0 0 
3 0 0 0 0 0 0 0 0 0 0 0 0 0 0 0 1 0 0 0 
0 0 4 0 0 0 0 0 0 0 0 0 0 0 0 0 0 0 0 0 
0 0 0 0 0 0 0 0 0 2 0 0 0 0 0 0 0 0 0 0 
