20 40
9 2 9 2 2 9 5 9 6 4 5 9 8 10 2 3 9 3 8 9
0 3 4 0 0 0 0 0 0 0 0 0 3 0 0 0 0 0 0 0 
3 0 0 0 0 0 0 0 3 0 1 0 0 0 2 0 4 0 0 0 
4 0 0 2 0 0 0 0 0 0 0 0 4 4 1 0 2 1 4 0 
0 0 2 0 3 0 0 0 0 0 0 0 1 0 0 0 3 0 0 0 
0 0 0 3 0 1 4 0 0 3 4 3 1 0 0 0 2 0 0 0 
0 0 0 0 1 0 2 0 0 0 0 0 0 0 0 0 4 0 0 0 
0 0 0 0 4 2 0 4 0 3 0 0 0 0 0 0 4 0 0 0 
0 0 0 0 0 0 4 0 4 1 0 0 0 0 0 0 2 0 0 0 
0 3 0 0 0 0 0 4 0 0 0 0 0 0 0 0 1 0 0 0 
0 0 0 0 3 0 3 1 0 0 0 0 0 0 0 0 0 0 0 0 
0 1 0 0 4 0 0 0 0 0 0 3 0 0 0 0 0 0 0 0 
0 0 0 0 3 0 0 0 0 0 3 0 1 0 0 0 0 0 0 0 
3 0 4 1 1 0 0 0 0 0 0 1 0 0 0 0 0 0 0 0 
0 0 4 0 0 0 0 0 0 0 0 0 0 0 0 0 2 0 0 0 
0 2 1 0 0 0 0 0 0 0 0 0 0 0 0 4 3 0 0 0 
0 0 0 0 0 0 0 0 0 0 0 0 0 0 4 0 2 0 0 4 
0 4 2 3 2 4 4 2 1 0 0 0 0 2 3 2 0 0 0 0 
0 0 1 0 0 0 0 0 0 0 0 0 0 0 0 0 0 0 0 0 
0 0 4 0 0 0 0 0 0 0 0 0 0 0 0 0 0 0 0 0 
0 0 0 0 0 0 0 0 0 0 0 0 0 0 0 4 0 0 0 0 
