20 39
2 10 8 7 5 9 4 3 9 2 6 10 8 5 7 5 5 7 5 2
0 4 2 0 0 0 0 0 4 1 0 0 0 0 0 0 0 0 1 0 
4 0 0 0 0 0 2 0 0 1 0 0 0 0 0 0 0 3 0 0 
2 0 0 3 0 0 0 0 0 0 4 0 0 0 1 0 0 0 0 0 
0 0 3 0 0 0 0 0 0 0 0 2 4 0 0 1 0 0 0 0 
0 0 0 0 0 4 0 0 0 0 0 0 0 0 0 0 0 1 3 0 
0 0 0 0 4 0 1 3 0 0 0 0 4 4 0 4 0 2 2 0 
0 2 0 0 0 1 0 2 0 0 0 0 0 0 0 0 0 0 0 0 
0 0 0 0 0 3 2 0 2 0 0 0 0 0 0 0 0 0 0 0 
4 0 0 0 0 0 0 2 0 1 2 0 0 4 3 0 0 0 0 0 
1 1 0 0 0 0 0 0 1 0 0 0 0 0 0 0 0 0 0 0 
0 0 4 0 0 0 0 0 2 0 0 1 0 3 0 0 4 0 0 0 
0 0 0 2 0 0 0 0 0 0 1 0 1 2 0 0 0 0 0 0 
0 0 0 4 0 4 0 0 0 0 0 1 0 0 0 0 0 0 0 0 
0 0 0 0 0 4 0 0 4 0 3 2 0 0 0 0 1 0 0 0 
0 0 1 0 0 0 0 0 3 0 0 0 0 0 0 0 0 0 0 0 
0 0 0 1 0 4 0 0 0 0 0 0 0 0 0 0 0 0 0 0 
0 0 0 0 0 0 0 0 0 0 4 0 0 1 0 0 0 0 0 0 
0 3 0 0 1 2 0 0 0 0 0 0 0 0 0 0 0 0 2 3 
1 0 0 0 3 2 0 0 0 0 0 0 0 0 0 0 0 2 0 3 
0 0 0 0 0 0 0 0 0 0 0 0 0 0 0 0 0 3 3 0 
