20 41
3 7 8 6 3 7 2 3 10 10 6 3 3 10 6 8 7 8 7 4
0 2 1 2 0 4 0 1 4 0 0 0 0 0 0 3 4 0 3 0 
2 0 0 0 2 4 0 0 0 0 0 0 0 0 2 0 0 0 4 2 
1 0 0 1 0 0 0 0 0 0 0 0 0 3 0 0 0 0 0 0 
2 0 1 0 4 4 0 0 0 3 0 0 0 0 0 0 0 0 0 0 
0 2 0 4 0 0 0 0 0 0 0 0 0 0 0 0 0 0 2 2 
4 4 0 4 0 0 3 0 0 0 4 0 3 0 0 0 0 0 0 0 
0 0 0 0 0 3 0 3 0 0 0 0 2 0 0 0 1 0 0 0 
1 0 0 0 0 0 3 0 2 0 0 0 4 0 0 2 0 0 0 0 
4 0 0 0 0 0 0 2 0 3 4 1 1 0 0 0 0 0 0 0 
0 0 0 3 0 0 0 0 3 0 0 1 0 0 0 0 0 3 0 0 
0 0 0 0 0 4 0 0 4 0 0 1 0 0 0 0 0 4 0 0 
0 0 0 0 0 0 0 0 1 1 1 0 0 0 0 0 0 0 0 0 
0 0 0 0 0 3 2 4 1 0 0 0 0 0 0 0 0 0 0 0 
0 0 3 0 0 0 0 0 0 0 0 0 0 0 0 0 0 0 1 0 
0 2 0 0 0 0 0 0 0 0 0 0 0 0 0 0 0 0 3 0 
3 0 0 0 0 0 0 2 0 0 0 0 0 0 0 0 0 0 0 0 
4 0 0 0 0 0 1 0 0 0 0 0 0 0 0 0 0 0 0 0 
0 0 0 0 0 0 0 0 0 3 4 0 0 0 0 0 0 0 0 0 
3 4 0 0 2 0 0 0 0 0 0 0 0 1 3 0 0 0 0 2 
0 2 0 0 2 0 0 0 0 0 0 0 0 0 0 0 0 0 2 0 
