20 40
7 9 9 9 5 3 4 7 8 6 5 3 6 6 9 5 7 4 8 2
0 1 4 0 0 0 3 0 4 4 4 0 3 0 0 0 0 0 0 0 
1 0 0 0 0 0 1 0 0 0 0 0 0 0 0 0 0 0 4 3 
4 0 0 2 0 0 0 0 0 0 0 0 0 0 0 0 0 0 3 0 
0 0 2 0 1 0 0 0 0 0 3 0 0 0 0 0 0 0 0 0 
0 0 0 1 0 4 0 0 0 0 0 0 0 0 0 0 0 0 4 0 
0 0 0 0 4 0 2 1 2 0 3 4 0 0 0 0 0 0 1 2 
3 1 0 0 0 2 0 2 0 0 0 0 0 0 0 0 0 0 0 3 
0 0 0 0 0 1 2 0 0 0 0 0 3 0 0 4 0 0 0 0 
4 0 0 0 0 2 0 0 0 4 0 3 0 3 0 2 0 0 0 0 
4 0 0 0 0 0 0 0 4 0 1 0 0 0 0 0 0 2 0 0 
4 0 0 3 0 3 0 0 0 1 0 1 0 0 0 0 3 2 0 0 
0 0 0 0 0 4 0 0 3 0 1 0 0 0 0 0 0 0 0 0 
3 0 0 0 0 0 0 3 0 0 0 0 0 0 0 0 0 0 0 0 
0 0 0 0 0 0 0 0 3 0 0 0 0 0 3 0 0 0 0 0 
0 0 0 0 0 0 0 0 0 0 0 0 0 3 0 3 0 0 0 0 
0 0 0 0 0 0 0 4 2 0 0 0 0 0 3 0 0 0 0 0 
0 0 0 0 0 0 0 0 0 0 3 0 0 0 0 0 0 1 0 0 
0 0 0 0 0 0 0 0 0 2 2 0 0 0 0 0 1 0 0 0 
0 4 3 0 4 1 0 0 0 0 0 0 0 0 0 0 0 0 0 3 
0 3 0 0 0 2 3 0 0 0 0 0 0 0 0 0 0 0 3 0 
