20 41
2 5 9 8 4 3 10 9 6 10 10 8 2 4 3 10 10 3 8 8
0 1 2 0 0 0 0 0 0 0 0 0 0 0 0 0 0 2 0 0 
1 0 4 0 0 4 3 0 0 0 0 0 0 0 0 0 0 0 2 0 
2 4 0 4 0 0 2 1 1 4 0 0 0 0 1 4 0 0 0 4 
0 0 4 0 2 0 0 0 0 4 0 0 0 0 0 0 0 4 0 0 
0 0 0 2 0 4 2 0 0 4 0 0 0 0 0 0 2 0 0 0 
0 4 0 0 4 0 0 0 0 0 0 0 0 0 0 0 0 0 1 0 
0 3 2 0 2 0 0 3 0 0 0 0 0 0 0 0 0 0 0 0 
0 0 1 0 0 0 3 0 4 3 2 0 0 0 0 0 0 0 0 0 
0 0 1 0 0 0 0 4 0 2 4 0 4 3 0 0 0 0 0 0 
0 0 4 4 4 0 0 3 2 0 1 2 0 1 0 1 2 0 0 0 
0 0 0 0 0 0 0 2 4 1 0 2 0 0 0 0 0 0 0 0 
0 0 0 0 0 0 0 0 0 2 2 0 2 0 0 0 0 0 0 0 
0 0 0 0 0 0 0 0 4 0 0 2 0 1 0 0 0 0 0 0 
0 0 0 0 0 0 0 0 3 1 0 0 1 0 0 0 0 0 0 0 
0 0 1 0 0 0 0 0 0 0 0 0 0 0 0 3 0 0 0 0 
0 0 4 0 0 0 0 0 0 1 0 0 0 0 3 0 0 0 0 0 
0 0 0 0 2 0 0 0 0 2 0 0 0 0 0 0 0 0 0 0 
2 0 0 4 0 0 0 0 0 0 0 0 0 0 0 0 0 0 1 0 
0 2 0 0 0 1 0 0 0 0 0 0 0 0 0 0 0 1 0 0 
0 0 4 0 0 0 0 0 0 0 0 0 0 0 0 0 0 0 0 0 
